BEST HYPERPARAMETERS
==============================
learning_rate: 2.657488681466831e-05
num_train_epochs: 10
per_device_train_batch_size: 4
weight_decay: 0.010599758492599783
warmup_ratio: 0.09938204231729805
